2000, 0.0195
2000, -0.0115
4000, 0.004
6000, 0.024
8000, 0.012
2000, 0.0495
4000, -0.014
6000, 0.038
8000, 0.035
10000, 0.044
12000, 0.017
14000, -0.005
16000, 0.045
18000, 0.077
20000, 0.028
22000, 0.025
24000, 0.023
26000, -0.006
28000, 0.042
30000, 0.023
32000, 0.1
34000, 0.02
36000, 0.045
38000, 0.033
40000, 0.072
2000, 0.0045
4000, 0.005
6000, -0.035
8000, 0.029
10000, 0.033
12000, 0.039
14000, 0.009
16000, 0.062
18000, -0.005
20000, 0.035
22000, 0.026
24000, 0.05
26000, 0.063
28000, 0.004
30000, 0.007
32000, 0.028
34000, 0.054
36000, 0.054
38000, 0.034
2000, 0.0045
4000, 0.037
6000, 0.007
8000, 0.009
10000, 0.023
12000, 0.028
14000, 0.032
16000, 0.054
18000, 0.083
20000, 0.038
22000, -0.001
24000, 0.026
26000, 0.028
28000, 0.034
30000, 0.008
32000, 0.008
34000, 0.04
36000, 0.015
38000, 0.043
40000, 0.025
42000, 0.016
44000, 0.042
46000, 0.04
48000, 0.02
50000, 0.015
52000, 0.042
54000, 0.043
56000, -0.009
58000, 0.043
60000, 0.058
62000, 0.03
64000, 0.054
66000, 0.049
68000, 0.047
70000, 0.0
72000, 0.003
74000, 0.058
76000, 0.05
78000, 0.034
80000, 0.038
82000, 0.071
84000, 0.042
86000, 0.029
88000, 0.031
90000, 0.082
92000, 0.03
94000, 0.027
96000, 0.072
98000, 0.017
100000, 0.036
